1010356043
497278214
181384715
True
957436102
605458814
429116243
304625349
580191415
True
68328143
542039106
549494432
1035147988
True
493010987
288255168
152320376
644273762
1051637796
220984231
True
261461743
True
942994641
935030589
630925076
754053251
True
504478655
True
338972092
752876803
657690603
True
1003847695
578359911
998903508
True
376132195
536345467
984396248
True
436308333
17290114
True
64944481
364059800
535029726
861510777
311777325
True
440786193
843507186
True
237337400
1066991154
682257123
True
1013605951
1007745471
662440992
508081179
True
742853454
506966062
True
254614724
True
507505767
1009817857
38681753
True
326894214
True
583775143
137630475
True
653960194
346377456
True
111161662
True
86029451
356968013
True
998309844
162618506
307715980
843821990
True
851842599
150806942
True
171560204
True
996361116
137590596
965140015
345615088
642986604
746082457
1014985015
460713018
True
50858850
820331184
754435174
194234029
618469040
346115220
134845953
True
382922372
True
738393887
True
906680424
True
1027336899
True
165136772
585872335
410802044
True
20347334
156265595
425518304
308307937
489644900
721721344
True
322224592
True
260248466
557105857
184337331
True
509659873
872415933
True
243572122
781937258
135863760
668502108
901371023
897843229
518976161
581736057
800362995
305375521
246196592
598261111
635490398
True
773635926
70871791
True
703638644
333008690
True
735283656
True
1025916139
564468417
705428670
True
531048198
True
379529415
721440911
True
415110917
540405567
True
617270605
True
551829021
211163838
True
610501194
440354165
898171258
True
1021595414
93408349
830396152
True
246675300
418085472
268121630
129895060
393219787
297638766
True
1010317137
True
857076787
811423735
786459983
True
1071767211
True
839728295
900739574
True
861075392
True
932811414
740369788
190154779
530885266
True
506148129
True
277284985
True
169583868
394802322
True
813512048
915580084
1006187624
True
201264604
True
7607673
271627321
849052831
562827068
413708432
True
805377128
True
182615591
442381073
770907936
True
167821939
606417521
694178482
True
932044333
True
1027590517
137156820
True
308137512
242387230
436361812
True
1007784734
269695589
170255883
831762542
76961033
578413895
296261627
901377278
True
388219024
True
314005330
True
1067849720
427112169
120900299
679907763
847448000
399226168
194022714
719294338
727581920
867656279
True
49148585
699096503
True
262657052
True
1020638245
748439402
True
789883991
659612427
892268737
481264118
354670641
39901217
333278516
170953037
True
439858784
True
171959181
659273600
504890843
True
496002193
366327144
True
384516053
326512739
True
1069041735
180361118
818877870
432599280
1034586722
916126752
True
680818939
1031385455
True
784248654
633718801
323794006
18752034
True
897152026
336652146
True
797682017
True
211248456
457466717
157380093
168874559
264634585
340943616
806112829
395862207
267460296
747625031
332288104
True
234522330
943408141
246084964
432794620
True
814967729
613252913
34833634
176965404
1050297000
True
590666725
86006683
True
1032623622
586332565
784551218
436860761
691686948
756608088
468600845
True
963449270
563644357
True
230930038
110713232
True
383403877
True
881412225
357341428
True
1030212277
167118666
True
1068427493
738234691
172327403
617252180
True
287782403
516077630
694925458
647939351
True
627583527
316759147
343068132
True
204547457
True
676900802
True
900591134
True
639015755
True
610287656
933907593
593231004
True
1045321173
True
163000418
True
829813710
922670184
790738357
1033010155
True
62103505
True
44075365
648641891
895117942
940887364
768056640
True
419988815
True
497039019
True
311489
True
934870917
True
84809963
True
391748300
706248766
576314831
True
848118829
271112798
852933629
1002376488
891821885
67023845
True
138090095
388611681
981450373
454175396
515148309
79593073
77910142
565632760
74663331
556468793
510460050
687112427
1017668994
219024877
759656823
631991648
772657164
633013038
858931501
327658034
261889048
463080223
717447985
576084841
True
444613685
True
249647999
400398773
True
469950833
True
230923361
757641439
484432842
742863292
True
543401869
718127991
252277940
209432887
True
475240679
True
710626576
527194655
1001050053
78399834
624024080
True
476113183
347190308
True
892829538
72161969
True
381813752
944233129
495921857
True
864991412
387100740
975388468
435026594
True
333413964
376455206
True
1058172980
481236269
8624110
818621328
435082171
46607160
True
745685328
635066656
True
895572296
True
987159526
True
15648489
True
90236103
607021784
638017835
True
585159232
525162538
75488718
554560760
860441400
651944800
969714121
495847681
True
610772468
555231932
487732442
746695087
True
620144002
866514753
188837611
130000735
True
738349727
275553514
572264589
387974948
288734789
294271724
True
972033212
703712893
916699096
True
623102886
659598115
505561575
True
104812740
604377705
True
836184180
48246086
1030660026
462197583
True
572340455
True
960991331
65487162
True
288574193
353246766
409252293
True
390035647
True
984240743
69352640
987447585
True
19165082
717701475
798743267
478340892
True
711458388
True
824342282
596471964
346310778
True
960357655
348173505
328293975
959614683
True
96456627
533103436
True
719604778
1060070784
1004734575
419650888
703648569
874527885
True
425993177
107948494
True
280767414
True
875167420
580712029
631842634
192326207
98917269
True
150199466
True
696914010
1030774184
509219317
54109746
True
558792733
479895768
True
887720569
449801452
846465521
485214937
793788927
True
913546258
True
10705897
True
283679858
981432595
True
24385348
True
661359257
220618710
True
769036486
674866669
293954309
828950227
True
96633871
105837962
408646337
True
899494737
True
652341782
652355755
849670022
True
811872807
410923009
602845621
934956011
917008021
785338584
469496696
566073241
True
414443906
True
355872836
747515263
333723469
244842414
716459371
True
636356544
True
224518174
True
958174320
96720363
275423299
True
299520450
61896397
True
113700411
291625724
158215884
True
640695661
643486477
527973694
103901370
714437222
True
856589568
823741785
250006002
472968028
True
876140638
27587950
True
131273933
805449259
True
533941089
819632228
929229353
True
930229865
422010113
591243892
True
908446718
True
772702548
333327748
62123647
True
800562337
True
669523539
True
951171326
984960420
355878506
True
89525183
817291488
889551494
324375396
True
865663178
971183007
True
217091233
737600074
695393418
934739973
True
724809866
281004428
652875761
572478164
1067938463
458923952
True
624483777
True
537347423
965766581
True
439230522
True
882184715
True
100730117
632677318
633234283
554792969
True
848323846
758478334
225422723
True
728063058
607680747
True
541057851
767096117
880735562
13789280
533953311
972593536
True
1056873066
True
229494579
151729253
True
125689889
292965864
695348820
True
465610305
True
629242776
909404652
True
173142711
638200464
811858629
True
1031764577
365857434
True
85080588
129226256
838818428
982330101
607284248
999324458
528361686
422356995
True
610067499
True
692337316
105766033
931486041
150911405
True
982360340
174428270
100941470
430915810
True
100980325
797748313
True
835741624
True
407028537
275097633
287357895
246665663
818884951
897254511
860011824
716894268
True
345757846
True
110286030
613821870
True
700493929
848669108
True
95593244
221619054
618349901
True
28925148
344569583
True
577785340
668741963
412918289
170938055
34947844
22221850
129013201
True
907717109
933425415
True
4634906
True
940416943
438031715
73566854
1059150294
485391444
184001838
625706758
505192518
470915230
46928954
True
780429714
495535675
True
231432592
420148501
755154
True
95732224
916517681
971907876
662940026
274221760
True
938822551
151969372
780480466
522741887
860260968
285069999
377916788
861726887
823596773
True
903508757
124331859
962077432
953701085
644692480
True
639995512
117244801
242494677
True
1009568819
100256691
326353561
975988778
275378278
641228928
1006204370
449523591
1066734042
410332197
True
703070146
582215318
574228050
566575688
426062705
True
310172561
True
118934062
394460282
793300376
512178077
898191023
True
421002955
588207953
968134268
True
221781532
467053882
True
444826173
648694757
True
690810179
463157616
True
45845929
472997066
644893890
True
433190983
8385273
627838396
671130340
915985451
True
351641283
943451716
925520064
660852152
True
102772698
158440818
True
1056913712
475745844
107012627
124690486
1045388446
True
110430724
641186517
619249680
True
708088836
True
673415921
619255339
787067102
True
504039263
True
764848634
True
797141609
718295275
832291230
True
59933137
67652373
615167515
658314850
914596104
True
111025682
553402117
True
594440623
True
570515134
613597816
834936404
1023914457
167389661
961924244
967654317
533553662
42721917
124291036
308969481
True
316553773
True
279165449
184565984
752415474
946927507
477914619
578961221
996305121
522895656
950500871
1069471290
True
824267648
True
1035069239
76812692
564903350
30908364
478053888
832320
114492214
827518754
True
560046327
81117788
923850245
True
589379043
True
3396517
294180573
968337128
881121355
1032872541
414456846
True
194691887
779328580
690944261
True
294918952
431298389
True
72439384
True
1037327395
837292277
True
410002593
862632486
39933208
198364009
107361852
609213482
888027124
667976664
923876614
807171433
266322968
306211
True
406937840
True
530940714
74705707
1022867386
979486492
22756596
839201324
True
561687718
True
800418041
588222361
462595729
665367266
True
208944610
94971741
560687081
899930749
True
163703821
True
816828515
492685924
582631280
479865795
487366741
986654093
103663748
717893810
454239079
451948137
True
779958856
726887314
947199551
True
728604419
True
310481047
230205454
238161391
True
90412683
184226734
True
526095888
True
529667627
True
547061522
105007401
77583880
784888727
160364872
49324191
True
537237003
451400056
True
663555074
True
8969443
True
1020799775
700644156
62120866
555609705
992775814
1036669856
True
831977705
455195714
True
1054182512
True
82799741
177706338
302795555
310398609
True
805877939
506773855
True
927672194
True
694236448
True
345294165
397157371
184938092
100604142
376310042
True
671468345
True
72654807
148008988
402456529
220609761
750243255
734932685
290491044
810628019
977373188
True
508258165
True
109814501
875196562
1043589810
862518440
337619620
961374201
1052448154
155874172
True
927296609
747124022
980186436
956147074
976014478
529404720
761621198
576642022
True
392984751
542432804
True
513668468
164257914
206186554
959452706
377623173
1032070313
412251143
True
970962237
926634219
847930810
True
488117931
154630273
421677992
936214335
True
300912847
461379671
True
881440612
657379399
209848935
True
132987555
282083183
277251462
771105345
337528737
46747763
753140202
149778348
598167998
True
482034949
1012665353
754246359
1071248168
True
62823208
True
574604877
136698433
724665382
True
812348187
640966734
True
28799325
1071664271
True
672968190
568152286
True
170126216
402768593
586678375
358432243
108953795
True
650908334
24833479
True
797360669
107684849
True
668916821
527739369
644948966
True
445253239
304382579
True
980801854
16997611
882237139
True
338410070
1032477597
True
715652268
686997760
True
562103074
167029715
813144274
760544713
152458462
True
1022290916
True
177511412
525513317
976505001
True
664160105
True
141811531
806248070
791903896
True
163327990
True
1038162449
238416598
1050270889
True
527233541
34972620
122546316
509314672
741568164
689966138
1055058931
900576857
799331279
983134450
160122652
856154656
1020092396
True
814323669
340838771
True
654069315
852370076
413054705
93795926
881848114
27798221
922049847
514347277
517062528
213185957
True
1071145532
True
479868974
728750373
True
704462675
True
635714957
413338388
425700802
776373276
443632296
True
1048216731
210975861
185078700